47,1,4,150,226,0,0,98,1,1.5,2,0,7,1	17/1 +

56,1,4,120,100,0,0,120,1,1.5,2,0,7,1	15/3 +





36,1,3,112,340,0,0,184,0,1,2,?,3,0	1/17, 2/16, 6/12, 8/10 +
46,1,4,110,238,0,1,140,1,1,2,?,3,0	7/11, 16/2, 16/2, 16/2 -
56,1,3,130,276,0,0,128,1,1,1,?,6,0	17/1, 18/0, 18/0, 18/0 -
59,1,3,130,318,0,0,120,1,1,2,?,3,0	11/7, 17/1, 17/1, 17/1 -
40,0,4,150,392,0,0,130,0,2,2,?,6,1
50,1,4,130,233,0,0,121,1,2,2,?,7,1
43,1,4,120,175,0,0,120,1,1,2,?,7,1
47,0,4,120,205,0,0,98,1,2,2,?,6,1
58,0,2,180,393,0,0,110,1,1,2,?,7,1

62,1,4,152,153,0,1,97,1,1.6,1,?,7,2
57,1,4,140,214,0,1,144,1,2,2,?,6,2
64,0,4,142,276,0,0,140,1,1,2,?,7,1
61,1,4,120,282,0,1,135,1,4,3,?,6,3
50,1,4,144,349,0,2,120,1,1,1,?,7,1
75,1,4,160,310,1,0,112,1,2,3,?,7,0
53,1,4,124,243,0,0,122,1,2,2,?,7,1
37,1,3,118,240,0,2,165,0,1,2,?,3,0
67,1,4,140,219,0,1,122,1,2,2,?,7,3
55,1,4,120,226,0,2,127,1,1.7,3,?,7,1
56,1,4,130,203,1,0,98,0,1.5,2,?,7,1
